   0.00000  -4.57618   7.39783   7.39784   7.39786   9.99551   9.99552   9.99553  10.93328  15.18877  15.21530
   0.03222  -4.49990   7.07826   7.20634   7.20636   9.86170  10.28077  10.28128  11.07097  15.02327  15.29626
   0.06444  -4.42361   6.75869   7.01484   7.01486   9.72788  10.56603  10.56704  11.20866  14.85777  15.37723
   0.09666  -4.34733   6.43913   6.82334   6.82336   9.59407  10.85128  10.85279  11.34635  14.69227  15.45819
   0.12889  -4.27105   6.11956   6.63184   6.63185   9.46025  11.13654  11.13855  11.48404  14.52677  15.53916
   0.16111  -4.19477   5.79999   6.44034   6.44035   9.32644  11.42179  11.42430  11.62173  14.36126  15.62012
   0.19333  -4.11848   5.48043   6.24884   6.24885   9.19263  11.70705  11.71006  11.75942  14.19576  15.70109
   0.22555  -3.94369   5.05946   6.05396   6.05397   9.04637  11.55573  12.11692  12.11692  14.47749  15.90917
   0.25777  -3.71965   4.58779   5.85739   5.85739   8.89389  11.18613  12.58433  12.58434  14.98283  16.18081
   0.28999  -3.49561   4.11612   5.66081   5.66082   8.74140  10.81652  13.05175  13.05175  15.48816  16.45245
   0.32222  -3.27157   3.64446   5.46424   5.46424   8.58892  10.44692  13.51916  13.51916  15.99350  16.72409
   0.35444  -3.04753   3.17279   5.26766   5.26767   8.43644  10.07731  13.98657  13.98658  16.49884  16.99572
   0.38666  -2.82348   2.70112   5.07109   5.07110   8.28396   9.70771  14.45399  14.45399  17.00418  17.26736
   0.41888  -2.55606   2.23838   4.91677   4.91678   8.18186   9.39355  14.91852  14.91852  17.40079  17.50252
   0.45110  -2.20188   1.79350   4.84697   4.84697   8.18053   9.19027  15.37729  15.37729  17.57993  17.66471
   0.48332  -1.84769   1.34861   4.77717   4.77717   8.17920   8.98700  15.83606  15.83606  17.75907  17.82690
   0.51555  -1.49351   0.90372   4.70736   4.70737   8.17787   8.78372  16.29483  16.29483  17.93822  17.98910
   0.54777  -1.13932   0.45883   4.63756   4.63757   8.17654   8.58044  16.75359  16.75360  18.11736  18.15129
   0.57999  -0.78514   0.01395   4.56776   4.56776   8.17521   8.37717  17.21236  17.21237  18.29650  18.31348
   0.61221  -0.43096  -0.43094   4.49795   4.49796   8.17388   8.17389  17.67113  17.67114  18.47565  18.47567
   0.61221  -0.43096  -0.43094   4.49795   4.49796   8.17388   8.17389  17.67113  17.67114  18.47565  18.47567
   0.62832  -0.42131  -0.42129   4.43598   4.43599   8.33491   8.33492  17.40191  17.40192  18.44680  18.44683
   0.64443  -0.41166  -0.41164   4.37401   4.37402   8.49594   8.49595  17.13269  17.13271  18.41796  18.41798
   0.66054  -0.40201  -0.40199   4.31204   4.31205   8.65697   8.65698  16.86348  16.86349  18.38911  18.38914
   0.67665  -0.39236  -0.39235   4.25007   4.25008   8.81800   8.81801  16.59426  16.59427  18.36027  18.36029
   0.69277  -0.38271  -0.38270   4.18810   4.18811   8.97903   8.97904  16.32504  16.32505  18.33143  18.33145
   0.70888  -0.37306  -0.37305   4.12613   4.12614   9.14006   9.14007  16.05582  16.05584  18.30258  18.30260
   0.72499  -0.36341  -0.36340   4.06416   4.06417   9.30109   9.30110  15.78661  15.78662  18.27374  18.27376
   0.74110  -0.35377  -0.35375   4.00219   4.00220   9.46212   9.46213  15.51739  15.51740  18.24489  18.24491
   0.75721  -0.34412  -0.34410   3.94022   3.94023   9.62315   9.62316  15.24817  15.24818  18.21605  18.21607
   0.77332  -0.33447  -0.33445   3.87825   3.87826   9.78417   9.78419  14.97895  14.97897  18.18721  18.18722
   0.78943  -0.32482  -0.32480   3.81628   3.81629   9.94520   9.94521  14.70974  14.70975  18.15836  18.15838
   0.80554  -0.31517  -0.31516   3.75431   3.75432  10.10623  10.10624  14.44052  14.44053  18.12952  18.12953
   0.82165  -0.30874  -0.30872   3.71299   3.71300  10.21359  10.21360  14.26104  14.26105  18.11029  18.11030
   0.83776  -0.30874  -0.30872   3.71299   3.71300  10.21359  10.21360  14.26104  14.26105  18.11029  18.11030
   0.85387  -0.30874  -0.30872   3.71299   3.71300  10.21359  10.21360  14.26104  14.26105  18.11029  18.11030
   0.86998  -0.30874  -0.30872   3.71299   3.71300  10.21359  10.21360  14.26104  14.26105  18.11029  18.11030
   0.88610  -0.30874  -0.30872   3.71299   3.71301  10.21359  10.21360  14.26104  14.26105  18.11029  18.11030
   0.90221  -0.30874  -0.30872   3.71299   3.71301  10.21359  10.21360  14.26104  14.26105  18.11029  18.11030
   0.91832  -0.30874  -0.30872   3.71299   3.71301  10.21359  10.21360  14.26104  14.26105  18.11029  18.11030
   0.91832  -0.30874  -0.30872   3.71299   3.71301  10.21359  10.21360  14.26104  14.26105  18.11029  18.11030
   0.92971  -0.38682  -0.24179   3.68461   3.78314  10.26132  10.27829  14.20800  14.24160  17.86969  18.15086
   0.94110  -0.46491  -0.17486   3.65624   3.85327  10.30906  10.34299  14.15496  14.22214  17.62909  18.19142
   0.95249  -0.54300  -0.10792   3.62786   3.92341  10.35680  10.40768  14.10192  14.20268  17.38849  18.23197
   0.96388  -0.62109  -0.04099   3.59948   3.99354  10.40453  10.47238  14.04888  14.18323  17.14789  18.27253
   0.97528  -0.69917   0.02594   3.57110   4.06368  10.45227  10.53707  13.99584  14.16377  16.90729  18.31309
   0.98667  -0.77726   0.09288   3.54272   4.13381  10.50001  10.60176  13.94280  14.14431  16.66669  18.35365
   0.99806  -0.80384   0.11920   3.51171   4.19124  10.42191  10.74188  13.94454  14.16821  16.58111  18.18419
   1.00945  -0.80467   0.12521   3.47938   4.24232  10.28089  10.91971  13.97368  14.21379  16.57303  17.90972
   1.02085  -0.80550   0.13123   3.44706   4.29340  10.13988  11.09754  14.00281  14.25937  16.56495  17.63525
   1.03224  -0.80632   0.13724   3.41473   4.34448   9.99886  11.27537  14.03195  14.30495  16.55688  17.36078
   1.04363  -0.80715   0.14326   3.38240   4.39556   9.85784  11.45320  14.06109  14.35054  16.54880  17.08631
   1.05502  -0.80798   0.14927   3.35008   4.44664   9.71683  11.63103  14.09022  14.39612  16.54072  16.81184
   1.06641  -0.84009   0.18309   3.32890   4.50932   9.57840  11.74877  14.12762  14.44596  16.53713  16.63141
   1.07781  -0.93478   0.27251   3.33002   4.59517   9.44514  11.74631  14.18155  14.50433  16.54251  16.63907
   1.08920  -1.02946   0.36193   3.33114   4.68102   9.31187  11.74386  14.23547  14.56270  16.54788  16.64673
   1.10059  -1.12414   0.45135   3.33226   4.76687   9.17861  11.74141  14.28940  14.62107  16.55326  16.65439
   1.11198  -1.21882   0.54077   3.33338   4.85272   9.04535  11.73896  14.34333  14.67944  16.55864  16.66204
   1.12337  -1.31351   0.63020   3.33450   4.93857   8.91209  11.73650  14.39725  14.73781  16.56402  16.66970
   1.13477  -1.40819   0.71962   3.33562   5.02442   8.77883  11.73405  14.45118  14.79618  16.56940  16.67736
   1.13477  -1.40819   0.71962   3.33562   5.02442   8.77883  11.73405  14.45118  14.79618  16.56940  16.67736
   1.16894  -1.36089   0.67020   3.15015   5.13051   8.89877  12.46898  14.21769  14.69944  15.80723  15.95266
   1.20312  -1.31358   0.62078   2.96467   5.23660   9.01872  13.20390  13.98420  14.60270  15.04507  15.22795
   1.23729  -1.55279   0.77439   3.23503   5.42213   9.21980  12.93138  13.47987  14.63727  14.92841  15.52149
   1.27147  -1.82782   0.95338   3.56236   5.61758   9.43102  12.53293  12.94169  14.68826  14.89245  15.94230
   1.30565  -2.10285   1.13237   3.88970   5.81303   9.64223  12.13447  12.40351  14.73924  14.85649  16.36311
   1.33982  -2.37787   1.31136   4.21703   6.00849   9.85345  11.73602  11.86534  14.79023  14.82053  16.78393
   1.37400  -2.65246   1.73503   4.42641   6.19122  10.01717  11.50848  11.62835  14.54833  14.61386  16.92489
   1.40818  -2.92683   2.28105   4.57681   6.36760  10.15714  11.36640  11.54197  14.15999  14.32185  16.92592
   1.44235  -3.20120   2.82706   4.72720   6.54397  10.29711  11.22433  11.45558  13.77166  14.02983  16.92695
   1.47653  -3.47556   3.37308   4.87760   6.72035  10.43708  11.08225  11.36920  13.38332  13.73782  16.92798
   1.51070  -3.68985   3.81714   5.16923   6.83092  10.44282  10.96643  11.25086  13.14945  13.67868  16.67871
   1.54488  -3.82903   4.13376   5.63742   6.85926  10.28078  10.88344  11.09257  13.10867  13.91064  16.11655
   1.57906  -3.96822   4.45037   6.10561   6.88759  10.11873  10.80044  10.93429  13.06788  14.14260  15.55439
   1.61323  -4.10740   4.76699   6.57379   6.91592   9.95669  10.71744  10.77601  13.02709  14.37457  14.99222
   1.64741  -4.23463   5.13876   6.96214   6.96216   9.83933  10.61829  10.61830  12.88684  14.58834  14.58974
   1.68159  -4.32002   5.70352   7.07107   7.07109   9.87837  10.46260  10.46260  12.39845  14.73845  14.74613
   1.71576  -4.40540   6.26829   7.17999   7.18001   9.91742  10.30690  10.30691  11.91006  14.88856  14.90252
   1.74994  -4.49079   6.83306   7.28891   7.28894   9.95646  10.15121  10.15122  11.42167  15.03866  15.05891
   1.78411  -4.57618   7.39783   7.39784   7.39786   9.99551   9.99552   9.99553  10.93328  15.18877  15.21530
   1.78411  -4.57618   7.39783   7.39784   7.39786   9.99551   9.99552   9.99553  10.93328  15.18877  15.21530
   1.81202  -4.51925   7.02132   7.32522   7.32525   9.96948  10.09931  10.09932  11.25887  15.08870  15.11104
   1.83992  -4.46233   6.64480   7.25260   7.25263   9.94345  10.20311  10.20312  11.58447  14.98863  15.00678
   1.86783  -4.40540   6.26829   7.17999   7.18001   9.91742  10.30690  10.30691  11.91006  14.88855  14.90252
   1.89573  -4.34848   5.89177   7.10737   7.10740   9.89139  10.41070  10.41071  12.23565  14.78848  14.79826
   1.92364  -4.29155   5.51526   7.03476   7.03478   9.86536  10.51449  10.51450  12.56124  14.68841  14.69400
   1.95154  -4.23463   5.13875   6.96214   6.96217   9.83934  10.61829  10.61830  12.88683  14.58834  14.58974
   1.97945  -4.10872   4.70056   6.87871   6.87874   9.77040  10.68486  10.68487  13.24636  14.65089  14.65090
   2.00735  -3.94833   4.23153   6.78988   6.78990   9.68002  10.73283  10.73284  13.62285  14.79475  14.79476
   2.03526  -3.78794   3.76250   6.70104   6.70106   9.58963  10.78080  10.78080  13.99934  14.93862  14.93863
   2.06316  -3.62755   3.29347   6.61220   6.61222   9.49925  10.82876  10.82877  14.37583  15.08249  15.08250
   2.09107  -3.46716   2.82444   6.52336   6.52339   9.40886  10.87673  10.87674  14.75232  15.22635  15.22636
   2.11897  -3.30676   2.35541   6.43453   6.43455   9.31848  10.92469  10.92470  15.12881  15.37022  15.37023
   2.14688  -3.14927   1.95597   6.36460   6.36463   9.24657  10.94791  10.94792  15.37126  15.60116  15.60117
   2.17478  -2.99759   1.69574   6.33251   6.33253   9.21164  10.92163  10.92164  15.34563  16.00625  16.00628
   2.20269  -2.84591   1.43551   6.30042   6.30044   9.17670  10.89536  10.89537  15.32000  16.41134  16.41138
   2.23059  -2.69423   1.17528   6.26833   6.26835   9.14176  10.86908  10.86909  15.29437  16.81643  16.81648
   2.25849  -2.54255   0.91505   6.23623   6.23626   9.10683  10.84280  10.84282  15.26875  17.22152  17.22159
   2.28640  -2.39087   0.65482   6.20414   6.20416   9.07189  10.81653  10.81654  15.24312  17.62661  17.62669
   2.31430  -2.23919   0.39458   6.17205   6.17207   9.03695  10.79025  10.79026  15.21749  18.03170  18.03179
   2.31430  -2.23919   0.39458   6.17205   6.17207   9.03695  10.79025  10.79026  15.21749  18.03170  18.03179
   2.33404  -2.23590   0.46251   5.97515   6.12211   9.10916  10.88620  10.92777  15.09819  17.81768  17.98316
   2.35377  -2.23260   0.53044   5.77826   6.07215   9.18138  10.98215  11.06527  14.97890  17.60366  17.93453
   2.37350  -2.22931   0.59837   5.58136   6.02220   9.25359  11.07810  11.20278  14.85960  17.38964  17.88589
   2.39323  -2.22601   0.66630   5.38446   5.97224   9.32580  11.17405  11.34028  14.74031  17.17563  17.83726
   2.41296  -2.22272   0.73422   5.18757   5.92228   9.39802  11.27000  11.47778  14.62101  16.96161  17.78863
   2.43269  -2.21942   0.80215   4.99067   5.87232   9.47023  11.36595  11.61529  14.50172  16.74759  17.73999
   2.45243  -2.21613   0.87008   4.79378   5.82236   9.54244  11.46190  11.75279  14.38242  16.53357  17.69136
   2.47216  -2.21284   0.93801   4.59688   5.77240   9.61465  11.55785  11.89030  14.26313  16.31956  17.64273
   2.49189  -2.14347   0.93173   4.41242   5.70655   9.59719  11.71126  12.09217  14.21559  16.18785  17.48130
   2.51162  -2.02124   0.86608   4.23790   5.62797   9.50799  11.91065  12.34554  14.22545  16.12200  17.22963
   2.53135  -1.89901   0.80044   4.06338   5.54940   9.41879  12.11004  12.59891  14.23531  16.05614  16.97796
   2.55108  -1.77679   0.73480   3.88887   5.47082   9.32959  12.30942  12.85228  14.24517  15.99029  16.72629
   2.57082  -1.67001   0.69054   3.72773   5.39322   9.23800  12.42726  13.12112  14.28935  15.95323  16.52762
   2.59055  -1.59412   0.68907   3.59334   5.31759   9.14163  12.38199  13.42088  14.40217  15.97375  16.43495
   2.61028  -1.51824   0.68761   3.45894   5.24195   9.04527  12.33672  13.72065  14.51499  15.99428  16.34227
   2.63001  -1.44235   0.68614   3.32455   5.16632   8.94890  12.29145  14.02041  14.62781  16.01481  16.24960
   2.64974  -1.37665   0.68666   3.21197   5.09516   8.85880  12.22399  14.29552  14.73168  16.06128  16.19407
   2.66947  -1.39242   0.70313   3.27379   5.05980   8.81882  11.97902  14.37335  14.76393  16.31534  16.43560
   2.68921  -1.40819   0.71961   3.33561   5.02443   8.77883  11.73404  14.45118  14.79617  16.56939  16.67713
   2.68921  -1.40819   0.71961   3.33561   5.02443   8.77883  11.73404  14.45118  14.79617  16.56939  16.67713
   2.70060  -1.31350   0.63019   3.33449   4.93858   8.91209  11.73650  14.39725  14.73780  16.56402  16.66951
   2.71199  -1.21882   0.54077   3.33338   4.85273   9.04536  11.73895  14.34333  14.67943  16.55864  16.66189
   2.72338  -1.12414   0.45135   3.33226   4.76688   9.17862  11.74140  14.28940  14.62106  16.55326  16.65427
   2.73477  -1.02945   0.36192   3.33114   4.68102   9.31188  11.74385  14.23547  14.56269  16.54788  16.64665
   2.74617  -0.93477   0.27250   3.33002   4.59517   9.44514  11.74631  14.18155  14.50433  16.54250  16.63903
   2.75756  -0.84009   0.18308   3.32890   4.50932   9.57840  11.74876  14.12762  14.44596  16.53713  16.63141
   2.76895  -0.80798   0.14927   3.35008   4.44665   9.71683  11.63102  14.09022  14.39611  16.54072  16.81185
   2.78034  -0.80715   0.14325   3.38240   4.39557   9.85785  11.45319  14.06108  14.35053  16.54880  17.08633
   2.79173  -0.80632   0.13724   3.41473   4.34449   9.99886  11.27537  14.03195  14.30495  16.55687  17.36081
   2.80313  -0.80549   0.13122   3.44706   4.29341  10.13988  11.09754  14.00281  14.25937  16.56495  17.63528
   2.81452  -0.80467   0.12521   3.47938   4.24232  10.28090  10.91971  13.97367  14.21379  16.57303  17.90976
   2.82591  -0.80384   0.11919   3.51171   4.19124  10.42191  10.74188  13.94454  14.16821  16.58111  18.18423
   2.83730  -0.77726   0.09287   3.54272   4.13381  10.50001  10.60176  13.94279  14.14431  16.66669  18.35369
   2.84869  -0.69917   0.02594   3.57110   4.06368  10.45227  10.53707  13.99583  14.16377  16.90729  18.31313
   2.86009  -0.62108  -0.04099   3.59948   3.99354  10.40454  10.47237  14.04888  14.18323  17.14789  18.27256
   2.87148  -0.54300  -0.10793   3.62786   3.92341  10.35680  10.40768  14.10192  14.20268  17.38849  18.23200
   2.88287  -0.46491  -0.17486   3.65624   3.85327  10.30906  10.34299  14.15496  14.22214  17.62909  18.19143
   2.89426  -0.38682  -0.24179   3.68461   3.78314  10.26132  10.27829  14.20800  14.24160  17.86969  18.15086
   2.90565  -0.30874  -0.30872   3.71299   3.71301  10.21359  10.21360  14.26104  14.26105  18.11029  18.11030
   2.90565  -0.30874  -0.30872   3.71299   3.71301  10.21359  10.21360  14.26104  14.26105  18.11029  18.11030
   2.92844  -0.46491  -0.17486   3.65624   3.85327  10.30906  10.34299  14.15496  14.22214  17.62909  18.19143
   2.95122  -0.62108  -0.04099   3.59948   3.99354  10.40453  10.47238  14.04888  14.18323  17.14789  18.27256
   2.97401  -0.77726   0.09287   3.54272   4.13381  10.50001  10.60176  13.94279  14.14431  16.66670  18.35369
   2.99679  -0.93343   0.22674   3.48597   4.27408  10.59548  10.73115  13.83671  14.10540  16.18550  18.43482
   3.01958  -1.08960   0.36060   3.42921   4.41434  10.69096  10.86054  13.73063  14.06648  15.70430  18.51595
   3.04236  -1.24578   0.49446   3.37245   4.55461  10.78643  10.98993  13.62455  14.02757  15.22311  18.59708
   3.06514  -1.38041   0.56306   3.48484   4.70527  10.68035  11.09265  13.43076  14.00375  15.25952  18.55522
   3.08793  -1.50427   0.59901   3.68181   4.86113  10.47350  11.18203  13.19312  13.98748  15.55473  18.45187
   3.11071  -1.62813   0.63496   3.87878   5.01699  10.26665  11.27141  12.95548  13.97121  15.84994  18.34852
   3.13350  -1.75199   0.67092   4.07575   5.17285  10.05979  11.36079  12.71785  13.95494  16.14515  18.24517
   3.15628  -1.87585   0.70687   4.27271   5.32870   9.85294  11.45018  12.48021  13.93867  16.44037  18.14182
   3.17906  -1.99971   0.74282   4.46968   5.48456   9.64609  11.53956  12.24257  13.92240  16.73558  18.03847
   3.20185  -2.09054   0.74720   4.68368   5.61918   9.48338  11.55658  12.01605  13.98029  16.99025  17.97284
   3.22463  -2.11532   0.68843   4.93174   5.71133   9.40898  11.42886  11.81175  14.18649  17.16382  17.98267
   3.24742  -2.14009   0.62966   5.17980   5.80348   9.33457  11.30113  11.60745  14.39269  17.33740  17.99249
   3.27020  -2.16487   0.57089   5.42786   5.89563   9.26017  11.17341  11.40316  14.59889  17.51097  18.00232
   3.29299  -2.18964   0.51212   5.67592   5.98778   9.18576  11.04569  11.19886  14.80509  17.68455  18.01214
   3.31577  -2.21442   0.45335   5.92399   6.07992   9.11136  10.91797  10.99456  15.01129  17.85812  18.02197
   3.33855  -2.23919   0.39458   6.17205   6.17207   9.03695  10.79025  10.79026  15.21749  18.03170  18.03179
   3.33855  -2.23919   0.39458   6.17205   6.17207   9.03695  10.79025  10.79026  15.21749  18.03170  18.03179
   3.35829  -2.23590   0.46251   5.97515   6.12211   9.10916  10.88620  10.92777  15.09819  17.81768  17.98316
   3.37802  -2.23260   0.53044   5.77826   6.07215   9.18138  10.98215  11.06527  14.97890  17.60366  17.93453
   3.39775  -2.22931   0.59837   5.58136   6.02219   9.25359  11.07810  11.20278  14.85960  17.38964  17.88589
   3.41748  -2.22601   0.66630   5.38447   5.97223   9.32580  11.17406  11.34028  14.74031  17.17563  17.83726
   3.43721  -2.22272   0.73422   5.18757   5.92227   9.39801  11.27001  11.47779  14.62101  16.96161  17.78862
   3.45694  -2.21942   0.80215   4.99068   5.87231   9.47022  11.36596  11.61529  14.50172  16.74759  17.73999
   3.47668  -2.21613   0.87008   4.79379   5.82235   9.54243  11.46191  11.75280  14.38243  16.53357  17.69136
   3.49641  -2.21284   0.93801   4.59689   5.77239   9.61465  11.55786  11.89030  14.26313  16.31956  17.64272
   3.51614  -2.14347   0.93173   4.41243   5.70653   9.59718  11.71127  12.09218  14.21559  16.18785  17.48129
   3.53587  -2.02124   0.86609   4.23791   5.62796   9.50798  11.91066  12.34555  14.22545  16.12200  17.22962
   3.55560  -1.89902   0.80044   4.06339   5.54938   9.41878  12.11005  12.59892  14.23532  16.05614  16.97795
   3.57533  -1.77679   0.73480   3.88888   5.47081   9.32958  12.30943  12.85229  14.24518  15.99029  16.72628
   3.59506  -1.67001   0.69055   3.72773   5.39321   9.23799  12.42727  13.12112  14.28936  15.95323  16.52763
   3.61480  -1.59413   0.68908   3.59334   5.31758   9.14163  12.38200  13.42089  14.40218  15.97376  16.43504
   3.63453  -1.51824   0.68761   3.45895   5.24194   9.04526  12.33673  13.72065  14.51500  15.99428  16.34244
   3.65426  -1.44236   0.68614   3.32456   5.16631   8.94889  12.29146  14.02041  14.62782  16.01481  16.24985
   3.67399  -1.37665   0.68667   3.21197   5.09515   8.85879  12.22400  14.29552  14.73169  16.06129  16.19438
   3.69372  -1.39242   0.70314   3.27380   5.05979   8.81881  11.97903  14.37335  14.76393  16.31534  16.43587
   3.71345  -1.40819   0.71962   3.33562   5.02442   8.77883  11.73405  14.45118  14.79618  16.56940  16.67736
   3.71345  -1.40819   0.71961   3.33561   5.02443   8.77883  11.73404  14.45118  14.79617  16.56939  16.67713
   3.72485  -1.42396   0.73608   3.39744   4.98907   8.73885  11.48907  14.52901  14.82842  16.82345  16.91866
   3.73624  -1.43972   0.75256   3.45926   4.95371   8.69887  11.24409  14.60684  14.86067  17.07750  17.16019
   3.74763  -1.45549   0.76903   3.52109   4.91834   8.65889  10.99912  14.68467  14.89291  17.33156  17.40172
   3.75902  -1.47126   0.78550   3.58291   4.88298   8.61890  10.75414  14.76250  14.92516  17.58561  17.64324
   3.77042  -1.48703   0.80198   3.64473   4.84762   8.57892  10.50917  14.84033  14.95741  17.83966  17.88477
   3.78181  -1.50280   0.81845   3.70656   4.81225   8.53894  10.26419  14.91816  14.98965  18.09372  18.12630
   3.79320  -1.45137   0.75790   3.76773   4.78454   8.50710  10.07682  15.08763  15.14097  18.19405  18.22096
   3.80459  -1.36633   0.65883   3.82858   4.76066   8.47933   9.91824  15.30292  15.35181  18.21751  18.24219
   3.81598  -1.28130   0.55976   3.88944   4.73678   8.45156   9.75966  15.51821  15.56266  18.24098  18.26342
   3.82738  -1.19626   0.46069   3.95029   4.71290   8.42379   9.60108  15.73351  15.77351  18.26445  18.28464
   3.83877  -1.11123   0.36162   4.01114   4.68902   8.39603   9.44251  15.94880  15.98436  18.28791  18.30587
   3.85016  -1.02620   0.26255   4.07199   4.66513   8.36826   9.28393  16.16409  16.19521  18.31138  18.32709
   3.86155  -0.94116   0.16348   4.13284   4.64125   8.34049   9.12535  16.37938  16.40605  18.33485  18.34832
   3.87294  -0.85613   0.06441   4.19370   4.61737   8.31272   8.96678  16.59467  16.61690  18.35831  18.36954
   3.88434  -0.77109  -0.03466   4.25455   4.59349   8.28495   8.80820  16.80996  16.82775  18.38178  18.39077
   3.89573  -0.68606  -0.13373   4.31540   4.56961   8.25719   8.64962  17.02525  17.03860  18.40525  18.41200
   3.90712  -0.60102  -0.23280   4.37625   4.54572   8.22942   8.49105  17.24055  17.24944  18.42871  18.43322
   3.91851  -0.51599  -0.33187   4.43710   4.52184   8.20165   8.33247  17.45584  17.46029  18.45218  18.45445
   3.92990  -0.43096  -0.43094   4.49795   4.49796   8.17388   8.17389  17.67113  17.67114  18.47565  18.47567
